40.450025	116.107686	
39.957213	116.422267	
39.936958	116.459740	
40.012364	116.419164	
39.889143	116.382416	
39.947318	116.425766	
39.946933	116.429147	
40.034998	116.318048	
40.007581	116.383456	
39.986173	116.320553	
39.967926	116.432417	
39.904299	116.326982	
39.949395	115.632952	
40.371007	116.680900	
39.999903	116.433089	
40.04763	116.489074	
39.906039	116.487511	
39.852068	116.364502	
39.955263	116.307918	
40.079855	116.340701	
39.856446	116.382821	
39.91829	116.385618	
39.87286	116.371245	
39.940575	116.355104	
39.979437	116.397137	
39.861321	116.404192	
39.896777	116.419215	
39.949899	116.414349	
39.916287	116.295270	
39.918147	116.413549	
39.959868	116.236671	
39.758797	116.549100	
39.85374	116.420645	
39.885987	116.474082	
39.957817	116.387854	
39.930475	116.473344	
40.047182	116.346944	
40.382996	116.870154	
39.951688	116.454578	
39.869671	116.436899	
39.893282	116.438146	
39.937997	116.463737	
39.876243	116.433097	
39.995826	116.480214	
39.982737	116.394066	
39.965278	116.497334	
39.91885	116.358883	
39.902139	116.468916	
40.118757	116.666420	
39.942549	116.461374	
39.923642	116.465456	
39.871564	116.409622	
39.973159	116.442252	
39.842353	116.197688	
39.993707	116.346801	
39.962998	116.328868	
39.959462	116.315339	
39.948331	116.400148	
39.913697	116.355914	
40.146518	116.630948	
40.144637	116.650759	
39.910837	116.469525	
39.753756	116.328815	
39.961975	116.451621	
40.055582	116.306352	
39.935638	116.477378	
39.974482	116.424086	
39.929496	116.375770	
39.923623	116.197318	
39.902543	116.404685	
39.926549	116.424470	
39.89915	116.645052	
39.934801	116.270461	
40.046245	116.374288	
39.884146	116.360130	
39.90499	116.418726	
40.235743	117.132867	
39.873491	116.296219	
39.900807	116.471599	
39.76847	116.337489	
39.891085	116.391774	
39.902361	116.406408	
39.937997	116.521782	
40.480643	116.871294	
39.716766	116.068216	
39.885288	116.457189	
39.989261	116.397796	
39.856319	116.339531	
40.001486	116.410132	
39.889286	116.312377	
39.977981	116.431521	
39.949105	116.387616	
39.903232	116.151326	
40.012232	116.413716	
39.916261	116.307516	
39.900361	116.457259	
40.040288	116.330985	
39.912967	116.466208	
40.061907	116.320887	
39.919781	116.286631	
39.947306	116.405334	
39.951976	116.722577	
39.939411	116.351074	
40.160447	117.124832	
39.736591	116.149033	
39.838824	116.377934	
40.007747	116.469897	
39.796278	116.506347	
39.943624	116.423560	
39.995476	116.419506	
39.964999	116.293173	
39.922382	116.457534	
39.894152	116.451935	
39.919798	116.287451	
39.872159	116.442945	
39.876817	116.574070	
40.105151	116.791038	
39.99652	116.430179	
40.085189	116.435243	
39.926232	116.460993	
39.91087	116.467319	
39.871427	116.506981	
39.930506	116.528606	
39.913431	116.669954	
39.878205	116.354912	
39.985799	116.376680	
39.976968	116.455287	
39.886219	116.388449	
39.939169	116.519602	
39.84983	116.392246	
39.748169	116.148862	
39.948378	116.423433	
39.967685	116.305060	
39.915455	116.522783	
39.90088	116.510916	
40.371848	116.827762	
39.921527	116.504991	
39.851436	116.434006	
39.96529	116.352700	
40.380416	116.852622	
39.976517	116.431881	
39.963062	116.469258	
39.872823	116.299539	
40.07368	116.436240	
39.921478	116.418985	
39.914881	116.478843	
39.923369	116.466313	
40.136024	116.641333	
39.883409	116.332695	
39.994909	116.484009	
39.905002	116.465112	
39.741872	116.144380	
40.214639	116.251546	
40.142977	116.666151	
39.978786	116.324824	
39.958738	116.462406	
39.663209	116.075336	
39.775004	116.238816	
39.931114	116.524687	
39.916154	116.300860	
39.952403	116.414977	
39.851546	116.433741	
40.010303	116.214730	
39.916126	116.465550	
39.949719	116.400632	
39.666302	116.076117	
39.904754	116.426678	
39.930445	116.525421	
39.988661	116.430008	
39.922166	116.418283	
39.762388	116.339839	
39.880721	116.321131	
39.961208	116.431484	
39.887465	116.348144	
39.932703	116.339757	
39.887928	116.457730	
40.123442	116.419772	
39.93041	116.525113	
39.845781	116.421848	
39.943046	116.206822	
39.90898	116.251808	
40.121758	116.375457	
39.980869	116.487334	
39.692721	116.327299	
39.895358	116.665853	
39.935171	116.692570	
39.886912	116.404481	
40.217957	116.245644	
39.912054	116.449969	
39.947006	116.424068	
39.863778	116.516034	
39.729827	115.975826	
39.99316	116.419149	
39.889796	116.667456	
39.959744	116.230668	
39.927876	116.484395	
39.759265	116.216979	
39.872116	116.442771	
39.895024	116.669769	
39.802784	116.495113	
39.930755	116.524886	
40.048028	116.427791	
39.841847	116.292140	
40.081275	116.325476	
39.946168	116.445408	
40.467866	115.982736	
39.946894	116.425274	
40.077723	116.344256	
39.923543	116.465463	
40.003763	116.346829	
39.903102	116.426225	
39.943718	116.432049	
39.866857	116.392868	
39.969932	116.331181	
39.926781	116.470107	
39.868772	116.433418	
40.245384	116.269654	
39.929019	116.265809	
39.862942	116.396503	
39.867835	116.433061	
40.219486	116.284603	
39.824276	116.299176	
40.004713	116.331774	
39.877214	116.705656	
39.930908	116.524750	
39.881713	116.376710	
39.876083	116.300158	
39.944567	116.348427	
39.753672	116.153129	
39.939544	116.401415	
39.959966	116.390452	
40.221793	116.240687	
40.320527	116.635772	
39.885632	116.323966	
39.914662	116.461187	
39.916569	116.422231	
39.899312	116.439528	
40.003293	116.465938	
39.913721	116.352565	
39.89026	116.346001	
39.921571	116.505782	
40.14685	116.626110	
40.08331	116.332064	
39.959174	116.327801	
39.730144	116.147276	
39.965048	116.426972	
39.807707	116.540457	
40.010737	116.381895	
39.963337	116.338587	
39.768941	116.193094	
39.946864	116.423368	
39.984139	116.322534	
39.948568	116.363051	
40.22584	116.231328	
39.824029	116.296255	
39.883727	116.300774	
39.976772	116.431587	
39.909338	116.234696	
39.922313	116.568677	
39.797244	116.505159	
40.014207	116.482858	
40.224514	116.239701	
39.907737	116.413731	
39.979421	116.300968	
39.930336	116.524405	
39.89014	116.325283	
39.699784	115.991125	
39.97898	116.301423	
39.763483	116.550479	
39.847677	116.295210	
39.897435	116.649573	
39.911768	116.335845	
39.976851	116.453696	
39.88896	116.237550	
39.977154	116.454949	
39.914819	116.364511	
40.135701	116.646903	
39.97134	116.329547	
39.940463	116.522859	
39.986387	116.387717	
39.903601	116.380563	
39.956321	116.469740	
39.910994	116.190594	
39.959461	116.236919	
39.902524	116.546064	
39.973542	116.378127	
39.792955	116.331991	
40.043398	116.320259	
40.04812	116.309483	
40.005326	116.415441	
39.884861	116.318971	
39.949227	116.312534	
39.973427	116.331781	
39.843216	116.377724	
40.006251	116.470124	
39.859097	116.290269	
39.922971	116.433403	
40.034071	116.318216	
39.907419	116.504060	
39.953059	116.347640	
39.935527	116.444811	
39.957179	116.477761	
39.969839	116.449006	
39.864323	116.429940	
39.970213	116.321825	
39.890008	116.335401	
39.907504	116.407434	
39.927266	116.446101	
39.862079	116.404105	
39.692381	116.327583	
39.999456	116.362426	
39.997704	116.387891	
39.692346	116.326802	
39.909252	116.335887	
39.993961	116.311314	
39.952623	116.414122	
39.921816	116.466376	
39.871447	116.466468	
39.889647	116.468649	
39.919568	116.283087	
39.876425	116.701330	
39.982346	116.317871	
39.997265	116.477691	
39.982218	116.313350	
39.917436	116.379665	
39.904417	116.359294	
39.913786	116.358984	
39.848774	116.393514	
40.135663	116.646891	
39.917866	116.424715	
39.895827	116.263530	
40.011949	116.411868	
39.769655	116.340867	
39.968469	116.317120	
39.92453	116.419675	
39.93155	116.293250	
39.922745	116.457724	
39.895789	116.261992	
39.748592	116.342487	
39.895492	116.664877	
39.864449	116.430426	
39.940797	116.461261	
39.889559	116.468742	
39.943922	116.281565	
40.230379	116.250201	
39.97509	116.428681	
39.888008	116.319847	
39.895345	116.641880	
40.006942	116.402350	
39.915517	116.423385	
39.998609	116.475209	
40.132385	116.658095	
39.916638	116.418373	
39.929872	116.369533	
39.929648	116.444719	
39.911486	116.232537	
39.770458	116.308337	
39.94676	116.359123	
40.084835	116.341402	
40.228477	116.272636	
39.994586	116.375502	
40.12843	116.654529	
40.218219	116.246675	
39.741214	116.148784	
39.903231	116.508818	
39.92327	116.366160	
39.736146	116.148250	
39.793824	116.331953	
39.916666	116.487634	
39.930694	116.524611	
39.915967	116.421031	
39.916975	116.604384	
39.937512	116.205113	
39.73698	116.345709	
39.902525	116.403964	
39.909912	116.642631	
39.952095	116.311046	
39.929428	116.178037	
39.924099	116.706634	
39.967557	116.295271	
40.076582	116.422060	
39.884387	116.369060	
39.979029	116.300935	
39.92863	116.447978	
39.962371	116.468619	
40.042191	116.314668	
39.761543	116.168230	
39.932864	116.173904	
39.973787	116.332563	
39.897043	116.471175	
40.226228	116.244227	
39.922376	116.369847	
39.998158	116.343033	
40.005976	116.401980	
40.135718	116.646782	
39.947408	116.434965	
39.935623	116.271878	
39.903207	116.431579	
39.916715	116.418364	
39.744009	116.338202	
